Denali, Alaska 02/11/03                 
J-B model                               

   nt    dt   h0    Ne  dip   f0
  240   0.50  15.00 18  90.0
 1  13.00    0.00  120.00    0.00   14.901  226.80  39.70  101.00 3  4.00  8.00
 1  17.00    0.00  120.00    0.00   35.242  226.80  39.70  101.00 3  4.00  8.00
 1  21.00    0.00  120.00    0.00   12.413  226.80  39.70  101.00 3  4.00  8.00
 2  42.50   60.00  120.00    0.00   46.931  117.10  89.90  177.60 3  4.00  8.00
 2  46.50   60.00  120.00    0.00   21.509  117.10  89.90  177.60 3  4.00  8.00
 2  50.50   60.00  120.00    0.00   16.565  117.10  89.90  177.60 3  4.00  8.00
 3  54.50   90.00  120.00    0.00   28.103  117.10  89.90  177.60 3  4.00  8.00
 3  58.50   90.00  120.00    0.00  100.297  117.10  89.90  177.60 3  4.00  8.00
 3  62.50   90.00  120.00    0.00   76.469  117.10  89.90  177.60 3  4.00  8.00
 4  66.50  120.00  120.00    0.00   67.913  117.10  89.90  177.60 3  4.00  8.00
 4  70.50  120.00  120.00    0.00  100.086  117.10  89.90  177.60 3  4.00  8.00
 4  74.50  120.00  120.00    0.00   44.705  117.10  89.90  177.60 3  4.00  8.00
 5  78.50  150.00  120.00    0.00   47.170  117.10  89.90  177.60 3  4.00  8.00
 5  82.50  150.00  120.00    0.00   37.162  117.10  89.90  177.60 3  4.00  8.00
 5  86.50  150.00  120.00    0.00   39.188  117.10  89.90  177.60 3  4.00  8.00
 6  90.50  180.00  120.00    0.00   12.702  117.10  89.90  177.60 3  4.00  8.00
 6  94.50  180.00  120.00    0.00   25.379  117.10  89.90  177.60 3  4.00  8.00
 6  98.50  180.00  120.00    0.00   42.505  117.10  89.90  177.60 3  4.00  8.00
  group   Moment
    1   62.56
    2   85.00
    3  204.87
    4  212.70
    5  123.52
    6   80.59

 Total moment
 Mo+-Dm strike dip slip :  720.37   30.59   296.0    89.3  -178.1

Error =   0.4670

 Stn  Inst Mode Comp   Az     B.Az   Del    p      G      fc    shift
DUG     1    1    1  122.3  -29.3   31.2   0.081  12.84   0.50    10
ANMO    1    1    1  119.0  -28.2   38.2   0.076   8.02   1.00    10
KIP     1    1    1 -165.8    6.7   42.9   0.074   7.39   1.00     6
ESK     1    1    1   23.0  -17.7   58.1   0.064   6.29   1.00    10
BINY    1    1    1   82.8  -36.3   45.3   0.072   7.12   1.00    10
HRV     1    1    1   78.9  -36.1   47.0   0.071   7.02   1.00    10
HIA     1    1    1  -61.0   36.4   48.4   0.069   6.88   1.00    10
KONO    1    1    1   13.7  -12.0   55.7   0.065   6.44   1.00    10
CTAO    1    1    1 -119.9   24.1   97.8   0.041   2.07   1.00    10
OBN     1    1    1   -2.8    2.2   61.4   0.060   5.97   0.10    10
ANTO    1    1    1   -0.4    0.2   76.7   0.050   4.75   1.00    10
OBN     1    3    3   -2.8    2.2   61.4   0.104   6.00   0.10    10
ESK     1    3    3   23.0  -17.7   58.1   0.111   6.30   0.10    10
HRV     1    3    3   78.9  -36.1   47.0   0.123   7.00   0.10    10
YSS     1    3    3  -80.3   39.7   40.6   0.130   7.70   0.10    10
TUC     1    3    3  126.1  -25.0   39.0   0.132   7.90   0.10    10
KIP     1    3    3 -165.8    6.7   42.9   0.128   7.40   0.10    10
KONO    1    3    3   13.7  -12.0   55.7   0.113   6.40   0.10    10
MAJO    1    3    3  -85.1   33.3   51.0   0.118   6.70   0.10    10
GUMO    1    3    3 -104.4   26.2   68.0   0.097   5.50   0.10    10
CTAO    1    3    3 -119.9   24.1   97.8   0.071   2.10   0.10    10
ANTO    1    3    3   -0.4    0.2   76.7   0.087   4.80   0.10    10
