Peru 01/06/23                           
2 layers+3km water                      

   nt    dt   h0    Ne   beta0
  300   0.50  30.00  320   0.50

< Subevent sequence >
     time     x       y  Slip-angle   Mo
    92.4 -210.00  -60.00   14.00   0.000e+00
    96.4 -210.00  -60.00   14.00   0.118e+20
   100.4 -210.00  -60.00   14.00   0.141e+20
   104.4 -210.00  -60.00   14.00   0.259e+20
    80.9 -180.00  -60.00   14.00   0.000e+00
    84.9 -180.00  -60.00   14.00   0.175e+20
    88.9 -180.00  -60.00   14.00   0.306e+20
    92.9 -180.00  -60.00   14.00   0.318e+20
    69.6 -150.00  -60.00   14.00   0.110e+20
    73.6 -150.00  -60.00   14.00   0.158e+20
    77.6 -150.00  -60.00   14.00   0.244e+20
    81.6 -150.00  -60.00   14.00   0.131e+20
    58.7 -120.00  -60.00   14.00   0.627e+18
    62.7 -120.00  -60.00   14.00   0.267e+19
    66.7 -120.00  -60.00   14.00   0.153e+20
    70.7 -120.00  -60.00   14.00   0.146e+19
    48.3  -90.00  -60.00   14.00   0.000e+00
    52.3  -90.00  -60.00   14.00   0.000e+00
    56.3  -90.00  -60.00   14.00   0.000e+00
    60.3  -90.00  -60.00   14.00   0.246e+19
    38.9  -60.00  -60.00   14.00   0.000e+00
    42.9  -60.00  -60.00   14.00   0.000e+00
    46.9  -60.00  -60.00   14.00   0.000e+00
    50.9  -60.00  -60.00   14.00   0.000e+00
    31.8  -30.00  -60.00   14.00   0.000e+00
    35.8  -30.00  -60.00   14.00   0.000e+00
    39.8  -30.00  -60.00   14.00   0.000e+00
    43.8  -30.00  -60.00   14.00   0.000e+00
    29.0    0.00  -60.00   14.00   0.000e+00
    33.0    0.00  -60.00   14.00   0.000e+00
    37.0    0.00  -60.00   14.00   0.000e+00
    41.0    0.00  -60.00   14.00   0.000e+00
    92.4 -210.00  -60.00  104.00   0.162e+20
    96.4 -210.00  -60.00  104.00   0.223e+20
   100.4 -210.00  -60.00  104.00   0.158e+20
   104.4 -210.00  -60.00  104.00   0.163e+20
    80.9 -180.00  -60.00  104.00   0.241e+20
    84.9 -180.00  -60.00  104.00   0.430e+20
    88.9 -180.00  -60.00  104.00   0.289e+20
    92.9 -180.00  -60.00  104.00   0.222e+20
    69.6 -150.00  -60.00  104.00   0.138e+20
    73.6 -150.00  -60.00  104.00   0.239e+20
    77.6 -150.00  -60.00  104.00   0.406e+20
    81.6 -150.00  -60.00  104.00   0.377e+20
    58.7 -120.00  -60.00  104.00   0.000e+00
    62.7 -120.00  -60.00  104.00   0.000e+00
    66.7 -120.00  -60.00  104.00   0.000e+00
    70.7 -120.00  -60.00  104.00   0.000e+00
    48.3  -90.00  -60.00  104.00   0.000e+00
    52.3  -90.00  -60.00  104.00   0.000e+00
    56.3  -90.00  -60.00  104.00   0.000e+00
    60.3  -90.00  -60.00  104.00   0.000e+00
    38.9  -60.00  -60.00  104.00   0.000e+00
    42.9  -60.00  -60.00  104.00   0.000e+00
    46.9  -60.00  -60.00  104.00   0.000e+00
    50.9  -60.00  -60.00  104.00   0.000e+00
    31.8  -30.00  -60.00  104.00   0.000e+00
    35.8  -30.00  -60.00  104.00   0.000e+00
    39.8  -30.00  -60.00  104.00   0.000e+00
    43.8  -30.00  -60.00  104.00   0.000e+00
    29.0    0.00  -60.00  104.00   0.000e+00
    33.0    0.00  -60.00  104.00   0.000e+00
    37.0    0.00  -60.00  104.00   0.000e+00
    41.0    0.00  -60.00  104.00   0.000e+00
    89.9 -210.00  -30.00   14.00   0.821e+18
    93.9 -210.00  -30.00   14.00   0.230e+20
    97.9 -210.00  -30.00   14.00   0.161e+20
   101.9 -210.00  -30.00   14.00   0.226e+20
    78.0 -180.00  -30.00   14.00   0.119e+20
    82.0 -180.00  -30.00   14.00   0.383e+20
    86.0 -180.00  -30.00   14.00   0.344e+20
    90.0 -180.00  -30.00   14.00   0.424e+20
    66.2 -150.00  -30.00   14.00   0.364e+20
    70.2 -150.00  -30.00   14.00   0.410e+20
    74.2 -150.00  -30.00   14.00   0.449e+20
    78.2 -150.00  -30.00   14.00   0.376e+20
    54.5 -120.00  -30.00   14.00   0.119e+20
    58.5 -120.00  -30.00   14.00   0.752e+19
    62.5 -120.00  -30.00   14.00   0.300e+20
    66.5 -120.00  -30.00   14.00   0.681e+19
    42.9  -90.00  -30.00   14.00   0.196e+19
    46.9  -90.00  -30.00   14.00   0.000e+00
    50.9  -90.00  -30.00   14.00   0.000e+00
    54.9  -90.00  -30.00   14.00   0.000e+00
    31.8  -60.00  -30.00   14.00   0.000e+00
    35.8  -60.00  -30.00   14.00   0.000e+00
    39.8  -60.00  -30.00   14.00   0.000e+00
    43.8  -60.00  -30.00   14.00   0.858e+18
    22.0  -30.00  -30.00   14.00   0.000e+00
    26.0  -30.00  -30.00   14.00   0.000e+00
    30.0  -30.00  -30.00   14.00   0.000e+00
    34.0  -30.00  -30.00   14.00   0.000e+00
    17.0    0.00  -30.00   14.00   0.381e+19
    21.0    0.00  -30.00   14.00   0.264e+19
    25.0    0.00  -30.00   14.00   0.000e+00
    29.0    0.00  -30.00   14.00   0.000e+00
    89.9 -210.00  -30.00  104.00   0.144e+20
    93.9 -210.00  -30.00  104.00   0.293e+20
    97.9 -210.00  -30.00  104.00   0.172e+20
   101.9 -210.00  -30.00  104.00   0.138e+20
    78.0 -180.00  -30.00  104.00   0.227e+20
    82.0 -180.00  -30.00  104.00   0.494e+20
    86.0 -180.00  -30.00  104.00   0.420e+20
    90.0 -180.00  -30.00  104.00   0.231e+20
    66.2 -150.00  -30.00  104.00   0.225e+20
    70.2 -150.00  -30.00  104.00   0.336e+20
    74.2 -150.00  -30.00  104.00   0.502e+20
    78.2 -150.00  -30.00  104.00   0.478e+20
    54.5 -120.00  -30.00  104.00   0.000e+00
    58.5 -120.00  -30.00  104.00   0.110e+18
    62.5 -120.00  -30.00  104.00   0.133e+20
    66.5 -120.00  -30.00  104.00   0.000e+00
    42.9  -90.00  -30.00  104.00   0.000e+00
    46.9  -90.00  -30.00  104.00   0.000e+00
    50.9  -90.00  -30.00  104.00   0.000e+00
    54.9  -90.00  -30.00  104.00   0.000e+00
    31.8  -60.00  -30.00  104.00   0.000e+00
    35.8  -60.00  -30.00  104.00   0.000e+00
    39.8  -60.00  -30.00  104.00   0.000e+00
    43.8  -60.00  -30.00  104.00   0.000e+00
    22.0  -30.00  -30.00  104.00   0.000e+00
    26.0  -30.00  -30.00  104.00   0.000e+00
    30.0  -30.00  -30.00  104.00   0.000e+00
    34.0  -30.00  -30.00  104.00   0.000e+00
    17.0    0.00  -30.00  104.00   0.000e+00
    21.0    0.00  -30.00  104.00   0.000e+00
    25.0    0.00  -30.00  104.00   0.000e+00
    29.0    0.00  -30.00  104.00   0.000e+00
    89.0 -210.00    0.00   14.00   0.000e+00
    93.0 -210.00    0.00   14.00   0.306e+20
    97.0 -210.00    0.00   14.00   0.194e+20
   101.0 -210.00    0.00   14.00   0.157e+20
    77.0 -180.00    0.00   14.00   0.305e+20
    81.0 -180.00    0.00   14.00   0.581e+20
    85.0 -180.00    0.00   14.00   0.457e+20
    89.0 -180.00    0.00   14.00   0.354e+20
    65.0 -150.00    0.00   14.00   0.494e+20
    69.0 -150.00    0.00   14.00   0.627e+20
    73.0 -150.00    0.00   14.00   0.611e+20
    77.0 -150.00    0.00   14.00   0.518e+20
    53.0 -120.00    0.00   14.00   0.206e+20
    57.0 -120.00    0.00   14.00   0.159e+20
    61.0 -120.00    0.00   14.00   0.425e+20
    65.0 -120.00    0.00   14.00   0.120e+20
    41.0  -90.00    0.00   14.00   0.000e+00
    45.0  -90.00    0.00   14.00   0.582e+19
    49.0  -90.00    0.00   14.00   0.992e+19
    53.0  -90.00    0.00   14.00   0.172e+19
    29.0  -60.00    0.00   14.00   0.000e+00
    33.0  -60.00    0.00   14.00   0.000e+00
    37.0  -60.00    0.00   14.00   0.000e+00
    41.0  -60.00    0.00   14.00   0.100e+19
    17.0  -30.00    0.00   14.00   0.881e+19
    21.0  -30.00    0.00   14.00   0.221e+19
    25.0  -30.00    0.00   14.00   0.000e+00
    29.0  -30.00    0.00   14.00   0.000e+00
     5.0    0.00    0.00   14.00   0.176e+19
     9.0    0.00    0.00   14.00   0.138e+20
    13.0    0.00    0.00   14.00   0.172e+20
    17.0    0.00    0.00   14.00   0.633e+19
    89.0 -210.00    0.00  104.00   0.110e+20
    93.0 -210.00    0.00  104.00   0.199e+20
    97.0 -210.00    0.00  104.00   0.627e+19
   101.0 -210.00    0.00  104.00   0.541e+19
    77.0 -180.00    0.00  104.00   0.113e+20
    81.0 -180.00    0.00  104.00   0.452e+20
    85.0 -180.00    0.00  104.00   0.321e+20
    89.0 -180.00    0.00  104.00   0.176e+20
    65.0 -150.00    0.00  104.00   0.307e+20
    69.0 -150.00    0.00  104.00   0.422e+20
    73.0 -150.00    0.00  104.00   0.517e+20
    77.0 -150.00    0.00  104.00   0.471e+20
    53.0 -120.00    0.00  104.00   0.000e+00
    57.0 -120.00    0.00  104.00   0.112e+20
    61.0 -120.00    0.00  104.00   0.250e+20
    65.0 -120.00    0.00  104.00   0.711e+19
    41.0  -90.00    0.00  104.00   0.000e+00
    45.0  -90.00    0.00  104.00   0.926e+19
    49.0  -90.00    0.00  104.00   0.585e+19
    53.0  -90.00    0.00  104.00   0.000e+00
    29.0  -60.00    0.00  104.00   0.000e+00
    33.0  -60.00    0.00  104.00   0.000e+00
    37.0  -60.00    0.00  104.00   0.000e+00
    41.0  -60.00    0.00  104.00   0.000e+00
    17.0  -30.00    0.00  104.00   0.909e+19
    21.0  -30.00    0.00  104.00   0.248e+19
    25.0  -30.00    0.00  104.00   0.000e+00
    29.0  -30.00    0.00  104.00   0.000e+00
     5.0    0.00    0.00  104.00   0.465e+19
     9.0    0.00    0.00  104.00   0.192e+20
    13.0    0.00    0.00  104.00   0.136e+20
    17.0    0.00    0.00  104.00   0.606e+18
    89.9 -210.00   30.00   14.00   0.838e+19
    93.9 -210.00   30.00   14.00   0.277e+20
    97.9 -210.00   30.00   14.00   0.185e+20
   101.9 -210.00   30.00   14.00   0.213e+20
    78.0 -180.00   30.00   14.00   0.400e+20
    82.0 -180.00   30.00   14.00   0.605e+20
    86.0 -180.00   30.00   14.00   0.510e+20
    90.0 -180.00   30.00   14.00   0.309e+20
    66.2 -150.00   30.00   14.00   0.441e+20
    70.2 -150.00   30.00   14.00   0.604e+20
    74.2 -150.00   30.00   14.00   0.672e+20
    78.2 -150.00   30.00   14.00   0.515e+20
    54.5 -120.00   30.00   14.00   0.206e+20
    58.5 -120.00   30.00   14.00   0.210e+20
    62.5 -120.00   30.00   14.00   0.435e+20
    66.5 -120.00   30.00   14.00   0.627e+19
    42.9  -90.00   30.00   14.00   0.191e+19
    46.9  -90.00   30.00   14.00   0.641e+19
    50.9  -90.00   30.00   14.00   0.157e+20
    54.9  -90.00   30.00   14.00   0.514e+19
    31.8  -60.00   30.00   14.00   0.000e+00
    35.8  -60.00   30.00   14.00   0.000e+00
    39.8  -60.00   30.00   14.00   0.000e+00
    43.8  -60.00   30.00   14.00   0.776e+18
    22.0  -30.00   30.00   14.00   0.743e+19
    26.0  -30.00   30.00   14.00   0.000e+00
    30.0  -30.00   30.00   14.00   0.000e+00
    34.0  -30.00   30.00   14.00   0.000e+00
    17.0    0.00   30.00   14.00   0.119e+20
    21.0    0.00   30.00   14.00   0.968e+19
    25.0    0.00   30.00   14.00   0.000e+00
    29.0    0.00   30.00   14.00   0.000e+00
    89.9 -210.00   30.00  104.00   0.203e+19
    93.9 -210.00   30.00  104.00   0.831e+19
    97.9 -210.00   30.00  104.00   0.000e+00
   101.9 -210.00   30.00  104.00   0.710e+19
    78.0 -180.00   30.00  104.00   0.543e+19
    82.0 -180.00   30.00  104.00   0.455e+20
    86.0 -180.00   30.00  104.00   0.223e+20
    90.0 -180.00   30.00  104.00   0.106e+20
    66.2 -150.00   30.00  104.00   0.410e+20
    70.2 -150.00   30.00  104.00   0.538e+20
    74.2 -150.00   30.00  104.00   0.478e+20
    78.2 -150.00   30.00  104.00   0.391e+20
    54.5 -120.00   30.00  104.00   0.133e+20
    58.5 -120.00   30.00  104.00   0.318e+20
    62.5 -120.00   30.00  104.00   0.211e+20
    66.5 -120.00   30.00  104.00   0.878e+19
    42.9  -90.00   30.00  104.00   0.122e+19
    46.9  -90.00   30.00  104.00   0.231e+20
    50.9  -90.00   30.00  104.00   0.102e+20
    54.9  -90.00   30.00  104.00   0.000e+00
    31.8  -60.00   30.00  104.00   0.000e+00
    35.8  -60.00   30.00  104.00   0.000e+00
    39.8  -60.00   30.00  104.00   0.000e+00
    43.8  -60.00   30.00  104.00   0.375e+19
    22.0  -30.00   30.00  104.00   0.713e+19
    26.0  -30.00   30.00  104.00   0.000e+00
    30.0  -30.00   30.00  104.00   0.000e+00
    34.0  -30.00   30.00  104.00   0.000e+00
    17.0    0.00   30.00  104.00   0.926e+19
    21.0    0.00   30.00  104.00   0.515e+19
    25.0    0.00   30.00  104.00   0.605e+18
    29.0    0.00   30.00  104.00   0.000e+00
    92.4 -210.00   60.00   14.00   0.870e+19
    96.4 -210.00   60.00   14.00   0.133e+20
   100.4 -210.00   60.00   14.00   0.172e+20
   104.4 -210.00   60.00   14.00   0.282e+20
    80.9 -180.00   60.00   14.00   0.238e+20
    84.9 -180.00   60.00   14.00   0.420e+20
    88.9 -180.00   60.00   14.00   0.361e+20
    92.9 -180.00   60.00   14.00   0.210e+20
    69.6 -150.00   60.00   14.00   0.216e+20
    73.6 -150.00   60.00   14.00   0.445e+20
    77.6 -150.00   60.00   14.00   0.444e+20
    81.6 -150.00   60.00   14.00   0.392e+20
    58.7 -120.00   60.00   14.00   0.195e+20
    62.7 -120.00   60.00   14.00   0.179e+20
    66.7 -120.00   60.00   14.00   0.138e+20
    70.7 -120.00   60.00   14.00   0.183e+19
    48.3  -90.00   60.00   14.00   0.656e+19
    52.3  -90.00   60.00   14.00   0.623e+19
    56.3  -90.00   60.00   14.00   0.753e+19
    60.3  -90.00   60.00   14.00   0.000e+00
    38.9  -60.00   60.00   14.00   0.000e+00
    42.9  -60.00   60.00   14.00   0.000e+00
    46.9  -60.00   60.00   14.00   0.000e+00
    50.9  -60.00   60.00   14.00   0.000e+00
    31.8  -30.00   60.00   14.00   0.000e+00
    35.8  -30.00   60.00   14.00   0.000e+00
    39.8  -30.00   60.00   14.00   0.287e+19
    43.8  -30.00   60.00   14.00   0.000e+00
    29.0    0.00   60.00   14.00   0.000e+00
    33.0    0.00   60.00   14.00   0.848e+18
    37.0    0.00   60.00   14.00   0.615e+19
    41.0    0.00   60.00   14.00   0.735e+19
    92.4 -210.00   60.00  104.00   0.000e+00
    96.4 -210.00   60.00  104.00   0.000e+00
   100.4 -210.00   60.00  104.00   0.242e+18
   104.4 -210.00   60.00  104.00   0.886e+19
    80.9 -180.00   60.00  104.00   0.663e+19
    84.9 -180.00   60.00  104.00   0.406e+20
    88.9 -180.00   60.00  104.00   0.141e+20
    92.9 -180.00   60.00  104.00   0.566e+19
    69.6 -150.00   60.00  104.00   0.361e+20
    73.6 -150.00   60.00  104.00   0.469e+20
    77.6 -150.00   60.00  104.00   0.321e+20
    81.6 -150.00   60.00  104.00   0.284e+20
    58.7 -120.00   60.00  104.00   0.209e+20
    62.7 -120.00   60.00  104.00   0.175e+20
    66.7 -120.00   60.00  104.00   0.186e+20
    70.7 -120.00   60.00  104.00   0.651e+19
    48.3  -90.00   60.00  104.00   0.588e+19
    52.3  -90.00   60.00  104.00   0.196e+20
    56.3  -90.00   60.00  104.00   0.261e+20
    60.3  -90.00   60.00  104.00   0.494e+19
    38.9  -60.00   60.00  104.00   0.000e+00
    42.9  -60.00   60.00  104.00   0.113e+19
    46.9  -60.00   60.00  104.00   0.108e+20
    50.9  -60.00   60.00  104.00   0.106e+20
    31.8  -30.00   60.00  104.00   0.000e+00
    35.8  -30.00   60.00  104.00   0.000e+00
    39.8  -30.00   60.00  104.00   0.000e+00
    43.8  -30.00   60.00  104.00   0.126e+19
    29.0    0.00   60.00  104.00   0.000e+00
    33.0    0.00   60.00  104.00   0.000e+00
    37.0    0.00   60.00  104.00   0.000e+00
    41.0    0.00   60.00  104.00   0.000e+00
 X   Y   Mo   Rake
   -210.00    -60.00     87.59     67.73
   -210.00    -30.00     97.44     64.09
   -210.00      0.00     78.30     46.94
   -210.00     30.00     77.85     26.94
   -210.00     60.00     68.01     21.69
   -180.00    -60.00    142.62     69.94
   -180.00    -30.00    186.93     61.23
   -180.00      0.00    200.26     46.03
   -180.00     30.00    200.71     38.70
   -180.00     60.00    139.93     42.61
   -150.00    -60.00    132.71     75.01
   -150.00    -30.00    222.11     57.92
   -150.00      0.00    283.00     51.32
   -150.00     30.00    287.81     53.13
   -150.00     60.00    207.38     57.80
   -120.00    -60.00     20.09     14.00
   -120.00    -30.00     57.78     27.37
   -120.00      0.00    100.78     39.44
   -120.00     30.00    118.23     53.38
   -120.00     60.00     82.81     64.10
    -90.00    -60.00      2.46     14.00
    -90.00    -30.00      1.96     14.00
    -90.00      0.00     23.09     54.88
    -90.00     30.00     45.20     63.81
    -90.00     60.00     60.01     84.20
    -60.00    -60.00      0.00      0.00
    -60.00    -30.00      0.86     14.00
    -60.00      0.00      1.00     14.00
    -60.00     30.00      3.83     92.32
    -60.00     60.00     22.50    104.00
    -30.00    -60.00      0.00      0.00
    -30.00    -30.00      0.00      0.00
    -30.00      0.00     15.98     60.39
    -30.00     30.00     10.30     57.80
    -30.00     60.00      3.13     37.70
      0.00    -60.00      0.00      0.00
      0.00    -30.00      6.46     14.00
      0.00      0.00     54.62     58.24
      0.00     30.00     26.28     48.84
      0.00     60.00     14.35     14.00
Mo [Nm], Mw, rake =   0.2992e+22   8.25  53.28

Error =   0.3179

 Stn  Inst Mode Comp   Az     B.Az   Del    p      G      fc    shift
HRV     1    1    1    1.6 -177.9   58.4   0.063   7.61   1.00    30
SJG     1    1    1   12.1 -167.8   34.8   0.079  10.48   1.00    30
ESK     1    1    1   32.4 -115.2   92.3   0.042   3.49   1.00    30
SSB     1    1    1   43.6 -109.8   93.1   0.042   3.37   1.00    30
DBIC    1    1    1   77.1 -109.5   71.5   0.054   6.51   1.00    30
BGCA    1    1    1   85.5 -105.9   93.2   0.042   3.38   1.00    30
LBTB    1    1    1  116.5 -108.4   91.2   0.042   3.75   1.00    30
SPA     1    1    1  180.0  -73.4   73.9   0.052   6.23   1.00    30
SNZO    1    1    1 -135.6  116.6   95.1   0.041   3.12   1.00    30
KIP     1    1    1  -68.0  107.0   90.9   0.042   3.75   1.00    30
CMB     1    1    1  -37.8  131.6   69.6   0.055   6.65   1.00    30
HKT     1    1    1  -25.2  151.8   50.7   0.068   8.05   1.00    30
CCM     1    1    1  -16.8  159.4   56.5   0.065   7.76   1.00    30
HRV     1    3    3    1.6 -177.9   58.4   0.109   7.60   0.20    30
SJG     1    3    3   12.1 -167.8   34.8   0.137  10.50   0.20    30
ESK     1    3    3   32.4 -115.2   92.3   0.073   3.50   0.20    30
BOSA    1    3    3  119.8 -108.3   89.7   0.074   4.00   0.20    30
KIP     1    3    3  -68.0  107.0   90.9   0.073   3.80   0.20    30
TUC     1    3    3  -36.2  137.8   60.0   0.107   7.50   0.20    30
HKT     1    3    3  -25.2  151.8   50.7   0.118   8.10   0.20    30
CCM     1    3    3  -16.8  159.4   56.5   0.113   7.80   0.20    30
SSPA    1    3    3   -4.1  174.9   56.7   0.113   7.80   0.20    30
