   70
  309.000   21.000
 -240.00  -90.00    0.00    0.00    0.00
 -240.00  -60.00    0.00    0.00    0.00
 -240.00  -30.00    0.00    0.00    0.00
 -240.00    0.00    0.00    0.00    0.00
 -240.00   30.00    0.00    0.00    0.00
 -240.00   60.00    0.00    0.00    0.00
 -240.00   90.00    0.00    0.00    0.00
 -210.00  -90.00    0.00    0.00    0.00
 -210.00  -60.00    1.26   21.69    0.00
 -210.00  -30.00    1.44   26.94    0.00
 -210.00    0.00    1.45   46.94    0.00
 -210.00   30.00    1.80   64.09    0.00
 -210.00   60.00    1.62   67.73    0.00
 -210.00   90.00    0.00    0.00    0.00
 -180.00  -90.00    0.00    0.00    0.00
 -180.00  -60.00    2.59   42.61    0.00
 -180.00  -30.00    3.72   38.70    0.00
 -180.00    0.00    3.71   46.03    0.00
 -180.00   30.00    3.46   61.23    0.00
 -180.00   60.00    2.64   69.94    0.00
 -180.00   90.00    0.00    0.00    0.00
 -150.00  -90.00    0.00    0.00    0.00
 -150.00  -60.00    3.84   57.80    0.00
 -150.00  -30.00    5.33   53.13    0.00
 -150.00    0.00    5.24   51.32    0.00
 -150.00   30.00    4.11   57.92    0.00
 -150.00   60.00    2.46   75.01    0.00
 -150.00   90.00    0.00    0.00    0.00
 -120.00  -90.00    0.00    0.00    0.00
 -120.00  -60.00    1.53   64.10    0.00
 -120.00  -30.00    2.19   53.38    0.00
 -120.00    0.00    1.87   39.44    0.00
 -120.00   30.00    1.07   27.37    0.00
 -120.00   60.00    0.37   14.00    0.00
 -120.00   90.00    0.00    0.00    0.00
  -90.00  -90.00    0.00    0.00    0.00
  -90.00  -60.00    1.11   84.20    0.00
  -90.00  -30.00    0.84   63.81    0.00
  -90.00    0.00    0.43   54.88    0.00
  -90.00   30.00    0.04   14.00    0.00
  -90.00   60.00    0.05   14.00    0.00
  -90.00   90.00    0.00    0.00    0.00
  -60.00  -90.00    0.00    0.00    0.00
  -60.00  -60.00    0.42  104.00    0.00
  -60.00  -30.00    0.07   92.32    0.00
  -60.00    0.00    0.02   14.00    0.00
  -60.00   30.00    0.02   14.00    0.00
  -60.00   60.00    0.00    0.00    0.00
  -60.00   90.00    0.00    0.00    0.00
  -30.00  -90.00    0.00    0.00    0.00
  -30.00  -60.00    0.06   37.70    0.00
  -30.00  -30.00    0.19   57.80    0.00
  -30.00    0.00    0.30   60.39    0.00
  -30.00   30.00    0.00    0.00    0.00
  -30.00   60.00    0.00    0.00    0.00
  -30.00   90.00    0.00    0.00    0.00
    0.00  -90.00    0.00    0.00    0.00
    0.00  -60.00    0.27   14.00    0.00
    0.00  -30.00    0.49   48.84    0.00
    0.00    0.00    1.01   58.24    0.00
    0.00   30.00    0.12   14.00    0.00
    0.00   60.00    0.00    0.00    0.00
    0.00   90.00    0.00    0.00    0.00
   30.00  -90.00    0.00    0.00    0.00
   30.00  -60.00    0.00    0.00    0.00
   30.00  -30.00    0.00    0.00    0.00
   30.00    0.00    0.00    0.00    0.00
   30.00   30.00    0.00    0.00    0.00
   30.00   60.00    0.00    0.00    0.00
   30.00   90.00    0.00    0.00    0.00
