 Denali, Alaska 02/11/03                      
 J-B model                               
   NT    DT     H0    Dip    Ne Type Shift
   160 0.500   15.0   90.0    3    1  -30
 Time Function : (Type,T1,T2) = 1   6.0  10.0
 Grid-search extent: V max =    4.0
 Time span at each iteration =  100.0 100.0 100.0
  # Time Location(r,phi,Y-axis)  Moment non.DC  Strike  Dip   Slip  Error
Step :  1
   1  53.0   30.0  120.0    0.0  293.069    0.000  297.2   88.2 -178.6  0.5580
   2  13.0    0.0  120.0    0.0   73.046    0.000  184.2   38.6   89.0  0.4075
   3  37.5    0.0  120.0    0.0  136.465    0.000  107.7   88.9  177.1  0.3121
Step :  2
   1  54.5   30.0  120.0    0.0  313.937    0.000  117.1   89.9  177.6  0.2819
   2  13.0    0.0  120.0    0.0   74.483    0.000  226.8   39.7  101.0  0.2768
   3  39.0    0.0  120.0    0.0  161.643    0.000  108.4   88.5  177.3  0.2697
Step :  3
   1  54.5   30.0  120.0    0.0  366.035    0.000  117.1   89.9  177.6  0.2590
   2  13.0    0.0  120.0    0.0   75.209    0.000  226.8   39.7  101.0  0.2590
   3  39.0    0.0  120.0    0.0  174.949    0.000  108.4   88.5  177.3  0.2582
< Convergence > 
        1  0.6023  ===============================
        2  0.4522  ========================
        3  0.3597  ===================
          Total                  555.55   36.84   292.7    89.2  -178.1
          standard-deviation       6.02    0.93     0.0    -0.2     0.0
 Mw =    7.76
 Stn  Inst Mode Comp   Az     B.Az   Del    p      G      fc    shift
DUG     1    1    1  122.3  -29.3   31.2   0.081  12.84   0.50    10
ANMO    1    1    1  119.0  -28.2   38.2   0.076   8.02   1.00    10
KIP     1    1    1 -165.8    6.7   42.9   0.074   7.39   1.00     6
ESK     1    1    1   23.0  -17.7   58.1   0.064   6.29   1.00    10
BINY    1    1    1   82.8  -36.3   45.3   0.072   7.12   1.00    10
HRV     1    1    1   78.9  -36.1   47.0   0.071   7.02   1.00    10
HIA     1    1    1  -61.0   36.4   48.4   0.069   6.88   1.00    10
KONO    1    1    1   13.7  -12.0   55.7   0.065   6.44   1.00    10
CTAO    1    1    1 -119.9   24.1   97.8   0.041   2.07   1.00    10
OBN     1    1    1   -2.8    2.2   61.4   0.060   5.97   0.10    10
ANTO    1    1    1   -0.4    0.2   76.7   0.050   4.75   1.00    10
OBN     1    3    3   -2.8    2.2   61.4   0.104   6.00   0.10    10
ESK     1    3    3   23.0  -17.7   58.1   0.111   6.30   0.10    10
HRV     1    3    3   78.9  -36.1   47.0   0.123   7.00   0.10    10
YSS     1    3    3  -80.3   39.7   40.6   0.130   7.70   0.10    10
TUC     1    3    3  126.1  -25.0   39.0   0.132   7.90   0.10    10
KIP     1    3    3 -165.8    6.7   42.9   0.128   7.40   0.10    10
KONO    1    3    3   13.7  -12.0   55.7   0.113   6.40   0.10    10
MAJO    1    3    3  -85.1   33.3   51.0   0.118   6.70   0.10    10
GUMO    1    3    3 -104.4   26.2   68.0   0.097   5.50   0.10    10
CTAO    1    3    3 -119.9   24.1   97.8   0.071   2.10   0.10    10
ANTO    1    3    3   -0.4    0.2   76.7   0.087   4.80   0.10    10
