Peru 01/06/23                           
2 layers+3km water                      
   nt   dt    strike  dip   slip   h0      Ne  Shift
  300  0.50  309.0   21.0   59.0   30.0   15  -10
 Time function :(Type T1 T2)=  1   5.00   8.00
 Step    Time   X    Y  Slip-angle  Moment
-- Total seismic moment --  1626.51
 < Convergence >
        1  0.6782  ===================================
        2  0.6077  ===============================
        3  0.5233  ===========================
        4  0.4905  ==========================
        5  0.4573  ========================
        6  0.4406  =======================
        7  0.4246  ======================
        8  0.4096  =====================
        9  0.3987  =====================
       10  0.3887  ====================
       11  0.3794  ====================
       12  0.3682  ===================
       13  0.3607  ===================
       14  0.3535  ===================
       15  0.3475  ==================
 Stn  Inst Mode Comp  Az    B.Az    Delta     p      G      Fc   shift
HRV    43       1    1    1    1.6 -177.9   58.4   0.063   7.61   1.00    30
SJG    40       1    1    1   12.1 -167.8   34.8   0.079  10.48   1.00    30
ESK    46  2    1    1    1   32.4 -115.2   92.3   0.042   3.49   1.00    30
SSB    46  2    1    1    1   43.6 -109.8   93.1   0.042   3.37   1.00    30
DBIC   44  3    1    1    1   77.1 -109.5   71.5   0.054   6.51   1.00    30
BGCA   46  2    1    1    1   85.5 -105.9   93.2   0.042   3.38   1.00    30
LBTB   46  1    1    1    1  116.5 -108.4   91.2   0.042   3.75   1.00    30
SPA    44  4    1    1    1  180.0  -73.4   73.9   0.052   6.23   1.00    30
SNZO   46  3    1    1    1 -135.6  116.6   95.1   0.041   3.12   1.00    30
KIP    46  1    1    1    1  -68.0  107.0   90.9   0.042   3.75   1.00    30
CMB    44  2    1    1    1  -37.8  131.6   69.6   0.055   6.65   1.00    30
HKT    42  1    1    1    1  -25.2  151.8   50.7   0.068   8.05   1.00    30
CCM    42  5    1    1    1  -16.8  159.4   56.5   0.065   7.76   1.00    30
HRV    51       1    3    3    1.6 -177.9   58.4   0.109   7.60   0.20    30
SJG    45  3    1    3    3   12.1 -167.8   34.8   0.137  10.50   0.20    30
ESK    57  2    1    3    3   32.4 -115.2   92.3   0.073   3.50   0.20    30
BOSA   56  5    1    3    3  119.8 -108.3   89.7   0.074   4.00   0.20    30
KIP    57       1    3    3  -68.0  107.0   90.9   0.073   3.80   0.20    30
TUC    51  2    1    3    3  -36.2  137.8   60.0   0.107   7.50   0.20    30
HKT    49  2    1    3    3  -25.2  151.8   50.7   0.118   8.10   0.20    30
CCM    50  4    1    3    3  -16.8  159.4   56.5   0.113   7.80   0.20    30
SSPA   50  4    1    3    3   -4.1  174.9   56.7   0.113   7.80   0.20    30
