199602211251 CHIMBOTdisp.  -9.59 -79.59  10.00 12 51  1.00
II.ASCN.00    70  16.58  -20.00   0.00   0.10
   94.26  -96.88   64.40   0.058    5.74   40
           1           2           3
           0           0           0
  1.0  1.0
   0.202E+03    480  0.500
  0.073  0.075  0.075  0.074  0.072  0.069  0.064  0.057  0.050  0.041
  0.033  0.025  0.017  0.011  0.007  0.005  0.006  0.009  0.015  0.023
  0.034  0.045  0.057  0.069  0.081  0.092  0.100  0.107  0.112  0.114
  0.113  0.111  0.106  0.100  0.093  0.086  0.078  0.071  0.064  0.058
  0.054  0.052  0.051  0.052  0.054  0.058  0.063  0.069  0.076  0.083
  0.090  0.097  0.103  0.108  0.112  0.114  0.113  0.110  0.103  0.094
  0.081  0.064  0.045  0.024  0.001 -0.022 -0.044 -0.064 -0.081 -0.092
 -0.098 -0.096 -0.087 -0.071 -0.048 -0.018  0.017  0.055  0.096  0.136
  0.175  0.210  0.241  0.266  0.286  0.299  0.307  0.311  0.313  0.314
  0.315  0.320  0.331  0.347  0.372  0.406  0.448  0.498  0.555  0.617
  0.682  0.746  0.808  0.865  0.914  0.953  0.980  0.996  1.000  0.991
  0.972  0.944  0.908  0.867  0.822  0.777  0.732  0.689  0.649  0.613
  0.581  0.551  0.523  0.496  0.467  0.435  0.399  0.357  0.308  0.253
  0.190  0.121  0.048 -0.029 -0.106 -0.182 -0.254 -0.319 -0.376 -0.422
 -0.456 -0.478 -0.488 -0.486 -0.473 -0.452 -0.424 -0.393 -0.361 -0.331
 -0.306 -0.287 -0.275 -0.272 -0.278 -0.292 -0.314 -0.341 -0.373 -0.407
 -0.441 -0.474 -0.504 -0.529 -0.550 -0.566 -0.576 -0.582 -0.584 -0.582
 -0.578 -0.572 -0.565 -0.557 -0.548 -0.540 -0.531 -0.522 -0.513 -0.503
 -0.493 -0.483 -0.472 -0.462 -0.454 -0.446 -0.441 -0.438 -0.439 -0.442
 -0.448 -0.457 -0.468 -0.480 -0.491 -0.502 -0.510 -0.514 -0.513 -0.507
 -0.495 -0.476 -0.450 -0.419 -0.382 -0.340 -0.295 -0.248 -0.202 -0.157
 -0.115 -0.078 -0.047 -0.023 -0.006  0.004  0.008  0.005 -0.001 -0.012
 -0.024 -0.037 -0.049 -0.059 -0.066 -0.070 -0.070 -0.065 -0.055 -0.041
 -0.023  0.000  0.025  0.053  0.082  0.111  0.140  0.166  0.190  0.210
  0.224  0.234  0.237  0.235  0.228  0.215  0.198  0.177  0.153  0.128
  0.102  0.076  0.050  0.026  0.004 -0.017 -0.035 -0.051 -0.064 -0.076
 -0.085 -0.092 -0.096 -0.100 -0.101 -0.101 -0.099 -0.097 -0.093 -0.089
 -0.085 -0.080 -0.075 -0.070 -0.065 -0.059 -0.054 -0.048 -0.042 -0.035
 -0.028 -0.021 -0.013 -0.006  0.002  0.009  0.014  0.019  0.022  0.023
  0.021  0.017  0.010  0.001 -0.012 -0.026 -0.042 -0.060 -0.077 -0.094
 -0.110 -0.123 -0.133 -0.139 -0.141 -0.140 -0.135 -0.128 -0.119 -0.109
 -0.100 -0.091 -0.084 -0.079 -0.077 -0.077 -0.078 -0.081 -0.085 -0.090
 -0.094 -0.098 -0.100 -0.102 -0.103 -0.102 -0.102 -0.101 -0.100 -0.100
 -0.100 -0.101 -0.103 -0.104 -0.105 -0.104 -0.102 -0.098 -0.091 -0.082
 -0.070 -0.056 -0.040 -0.024 -0.007  0.008  0.022  0.034  0.042  0.047
  0.049  0.048  0.043  0.037  0.030  0.022  0.014  0.008  0.003  0.001
  0.001  0.004  0.008  0.015  0.023  0.031  0.040  0.049  0.057  0.064
  0.070  0.074  0.076  0.077  0.077  0.075  0.071  0.067  0.061  0.055
  0.048  0.042  0.035  0.029  0.023  0.019  0.016  0.015  0.015  0.017
  0.021  0.026  0.032  0.038  0.044  0.050  0.055  0.059  0.060  0.059
  0.056  0.050  0.042  0.032  0.020  0.007 -0.006 -0.020 -0.034 -0.047
 -0.059 -0.069 -0.077 -0.083 -0.087 -0.089 -0.090 -0.088 -0.085 -0.081
 -0.075 -0.068 -0.061 -0.052 -0.044 -0.035 -0.027 -0.019 -0.013 -0.009
 -0.007 -0.008 -0.012 -0.020 -0.030 -0.044 -0.059 -0.077 -0.095 -0.114
 -0.131 -0.147 -0.161 -0.171 -0.178 -0.181 -0.181 -0.176 -0.168 -0.157
 -0.144 -0.128 -0.111 -0.094 -0.077 -0.062 -0.049 -0.038 -0.030 -0.026
 -0.025 -0.027 -0.031 -0.038 -0.046 -0.054 -0.062 -0.070 -0.075 -0.079
 -0.081 -0.080 -0.077 -0.072 -0.065 -0.057 -0.049 -0.040 -0.031 -0.023
II.ASCN.00    70  16.58  -20.00   0.00   0.10
   94.26  -96.88   64.40   0.058    5.74   40
           1           2           2
           0           0           0
  1.0  1.0
   0.452E+02    480  0.500
  0.029  0.039  0.049  0.059  0.070  0.081  0.091  0.100  0.108  0.114
  0.119  0.121  0.122  0.121  0.120  0.118  0.116  0.116  0.116  0.119
  0.123  0.127  0.133  0.138  0.142  0.144  0.145  0.143  0.139  0.132
  0.123  0.113  0.103  0.092  0.083  0.075  0.070  0.068  0.069  0.073
  0.082  0.093  0.109  0.126  0.146  0.167  0.187  0.205  0.219  0.229
  0.233  0.231  0.223  0.210  0.193  0.174  0.156  0.140  0.130  0.127
  0.133  0.149  0.175  0.210  0.252  0.299  0.349  0.398  0.443  0.481
  0.510  0.527  0.532  0.525  0.506  0.476  0.438  0.394  0.346  0.298
  0.252  0.209  0.171  0.140  0.115  0.096  0.081  0.070  0.061  0.052
  0.041  0.026  0.007 -0.017 -0.048 -0.086 -0.130 -0.180 -0.236 -0.297
 -0.361 -0.426 -0.491 -0.555 -0.614 -0.667 -0.712 -0.747 -0.771 -0.783
 -0.782 -0.770 -0.748 -0.717 -0.680 -0.640 -0.600 -0.561 -0.528 -0.500
 -0.479 -0.466 -0.459 -0.459 -0.462 -0.467 -0.473 -0.478 -0.480 -0.479
 -0.476 -0.469 -0.462 -0.453 -0.447 -0.442 -0.442 -0.448 -0.459 -0.476
 -0.498 -0.525 -0.553 -0.582 -0.608 -0.627 -0.639 -0.640 -0.629 -0.605
 -0.568 -0.520 -0.462 -0.397 -0.327 -0.257 -0.190 -0.127 -0.071 -0.022
  0.017  0.049  0.074  0.094  0.110  0.124  0.138  0.154  0.172  0.192
  0.215  0.238  0.262  0.284  0.303  0.317  0.325  0.325  0.317  0.301
  0.278  0.249  0.217  0.182  0.149  0.120  0.097  0.082  0.076  0.080
  0.094  0.117  0.147  0.184  0.224  0.265  0.306  0.344  0.377  0.406
  0.429  0.445  0.456  0.462  0.463  0.461  0.457  0.451  0.445  0.440
  0.437  0.436  0.438  0.442  0.449  0.458  0.469  0.481  0.492  0.502
  0.509  0.511  0.508  0.499  0.483  0.460  0.431  0.396  0.357  0.317
  0.278  0.242  0.211  0.189  0.175  0.171  0.175  0.188  0.207  0.229
  0.252  0.271  0.284  0.287  0.279  0.257  0.219  0.166  0.098  0.015
 -0.080 -0.185 -0.296 -0.411 -0.525 -0.635 -0.736 -0.825 -0.898 -0.953
 -0.987 -1.000 -0.991 -0.960 -0.909 -0.841 -0.759 -0.667 -0.567 -0.465
 -0.365 -0.270 -0.184 -0.108 -0.047  0.001  0.033  0.052  0.056  0.050
  0.035  0.014 -0.009 -0.032 -0.052 -0.066 -0.072 -0.070 -0.059 -0.040
 -0.014  0.016  0.048  0.079  0.106  0.127  0.141  0.146  0.142  0.128
  0.107  0.080  0.047  0.013 -0.022 -0.054 -0.083 -0.106 -0.121 -0.128
 -0.125 -0.111 -0.088 -0.055 -0.013  0.035  0.089  0.146  0.204  0.259
  0.310  0.353  0.386  0.408  0.416  0.411  0.392  0.361  0.317  0.264
  0.205  0.143  0.081  0.024 -0.026 -0.063 -0.086 -0.092 -0.080 -0.049
 -0.002  0.058  0.129  0.205  0.281  0.351  0.409  0.453  0.478  0.483
  0.467  0.433  0.384  0.322  0.255  0.186  0.120  0.064  0.020 -0.009
 -0.022 -0.019 -0.002  0.027  0.064  0.104  0.142  0.175  0.197  0.207
  0.204  0.187  0.158  0.120  0.078  0.035 -0.003 -0.032 -0.050 -0.053
 -0.042 -0.017  0.020  0.064  0.112  0.159  0.201  0.234  0.253  0.258
  0.248  0.222  0.183  0.134  0.077  0.018 -0.041 -0.095 -0.142 -0.178
 -0.201 -0.212 -0.209 -0.195 -0.171 -0.138 -0.100 -0.059 -0.018  0.020
  0.054  0.080  0.099  0.108  0.108  0.099  0.082  0.058  0.028 -0.006
 -0.043 -0.081 -0.118 -0.154 -0.187 -0.216 -0.241 -0.261 -0.275 -0.283
 -0.286 -0.283 -0.275 -0.262 -0.246 -0.227 -0.207 -0.185 -0.164 -0.143
 -0.122 -0.103 -0.085 -0.068 -0.051 -0.035 -0.020 -0.006  0.007  0.019
  0.029  0.037  0.042  0.045  0.043  0.038  0.028  0.013 -0.005 -0.028
 -0.054 -0.081 -0.109 -0.137 -0.161 -0.182 -0.197 -0.206 -0.209 -0.206
 -0.196 -0.181 -0.163 -0.141 -0.118 -0.095 -0.072 -0.052 -0.034 -0.019
II.ASCN.00    61  39.57  -20.00   0.00   0.10
   94.26  -96.88   64.40   0.058    5.74   40
           1           1           1
           0           0           0
  1.0  1.0
   0.310E+02    480  0.500
  0.056  0.053  0.050  0.047  0.045  0.042  0.040  0.039  0.038  0.037
  0.037  0.037  0.037  0.038  0.038  0.039  0.039  0.040  0.041  0.042
  0.043  0.045  0.047  0.050  0.052  0.054  0.055  0.055  0.053  0.049
  0.042  0.034  0.025  0.015  0.005 -0.003 -0.007 -0.007  0.000  0.014
  0.036  0.068  0.108  0.156  0.210  0.268  0.327  0.383  0.433  0.472
  0.498  0.509  0.503  0.481  0.443  0.394  0.335  0.272  0.208  0.148
  0.095  0.052  0.020  0.003 -0.001  0.008  0.029  0.061  0.100  0.143
  0.186  0.225  0.254  0.269  0.266  0.241  0.192  0.119  0.022 -0.095
 -0.228 -0.370 -0.514 -0.651 -0.773 -0.874 -0.947 -0.990 -0.999 -0.977
 -0.927 -0.852 -0.759 -0.655 -0.547 -0.441 -0.344 -0.260 -0.194 -0.148
 -0.123 -0.118 -0.131 -0.159 -0.197 -0.238 -0.277 -0.308 -0.324 -0.321
 -0.296 -0.247 -0.176 -0.086  0.019  0.132  0.245  0.351  0.442  0.513
  0.559  0.577  0.565  0.524  0.457  0.368  0.262  0.145  0.022 -0.099
 -0.211 -0.310 -0.390 -0.447 -0.478 -0.483 -0.461 -0.415 -0.348 -0.265
 -0.170 -0.069  0.032  0.128  0.215  0.290  0.349  0.394  0.423  0.438
  0.440  0.433  0.417  0.396  0.371  0.343  0.314  0.283  0.252  0.219
  0.185  0.149  0.113  0.075  0.035 -0.004 -0.043 -0.081 -0.116 -0.147
 -0.173 -0.191 -0.200 -0.199 -0.186 -0.163 -0.128 -0.085 -0.035  0.019
  0.073  0.124  0.169  0.204  0.229  0.241  0.242  0.231  0.210  0.181
  0.146  0.108  0.067  0.027 -0.011 -0.046 -0.078 -0.104 -0.126 -0.141
 -0.150 -0.153 -0.150 -0.142 -0.128 -0.111 -0.090 -0.069 -0.047 -0.025
 -0.006  0.012  0.028  0.041  0.053  0.063  0.072  0.079  0.085  0.088
  0.089  0.087  0.081  0.071  0.058  0.042  0.024  0.005 -0.013 -0.030
 -0.045 -0.056 -0.063 -0.066 -0.066 -0.060 -0.051 -0.039 -0.022 -0.003
  0.020  0.044  0.069  0.095  0.120  0.142  0.160  0.174  0.181  0.182
  0.176  0.162  0.144  0.120  0.094  0.067  0.040  0.016 -0.004 -0.020
 -0.031 -0.037 -0.038 -0.036 -0.030 -0.022 -0.013 -0.003  0.008  0.018
  0.026  0.034  0.039  0.043  0.044  0.043  0.040  0.036  0.032  0.028
  0.026  0.026  0.028  0.033  0.040  0.049  0.057  0.064  0.069  0.069
  0.065  0.055  0.039  0.018 -0.008 -0.038 -0.071 -0.104 -0.137 -0.168
 -0.195 -0.217 -0.232 -0.240 -0.240 -0.233 -0.218 -0.196 -0.168 -0.135
 -0.100 -0.064 -0.029  0.005  0.034  0.058  0.076  0.087  0.092  0.090
  0.082  0.069  0.051  0.031  0.009 -0.012 -0.030 -0.046 -0.055 -0.059
 -0.055 -0.043 -0.023  0.003  0.036  0.073  0.112  0.152  0.191  0.226
  0.256  0.280  0.298  0.309  0.314  0.313  0.307  0.298  0.286  0.272
  0.258  0.243  0.230  0.218  0.208  0.200  0.193  0.188  0.184  0.179
  0.174  0.166  0.155  0.139  0.118  0.091  0.057  0.018 -0.025 -0.072
 -0.119 -0.165 -0.208 -0.245 -0.276 -0.298 -0.313 -0.318 -0.316 -0.308
 -0.294 -0.278 -0.259 -0.241 -0.226 -0.215 -0.208 -0.208 -0.214 -0.226
 -0.243 -0.264 -0.288 -0.312 -0.335 -0.353 -0.365 -0.369 -0.363 -0.346
 -0.318 -0.279 -0.232 -0.178 -0.121 -0.064 -0.011  0.036  0.072  0.095
  0.105  0.100  0.080  0.048  0.005 -0.045 -0.100 -0.156 -0.209 -0.258
 -0.299 -0.330 -0.352 -0.361 -0.360 -0.349 -0.327 -0.298 -0.262 -0.222
 -0.179 -0.137 -0.096 -0.061 -0.031 -0.008  0.006  0.013  0.013  0.006
 -0.005 -0.020 -0.037 -0.054 -0.071 -0.086 -0.099 -0.110 -0.118 -0.124
 -0.128 -0.130 -0.130 -0.130 -0.128 -0.126 -0.124 -0.122 -0.121 -0.121
 -0.122 -0.124 -0.126 -0.127 -0.128 -0.128 -0.126 -0.122 -0.117 -0.109
 -0.099 -0.089 -0.077 -0.065 -0.053 -0.041 -0.031 -0.022 -0.015 -0.009
II.RPN.00     62  56.54  -20.00   0.00   0.10
 -126.00   63.68   33.05   0.079   10.79   40
           1           2           3
           0           0           0
  1.0  1.0
   0.821E+03    480  0.500
  0.212  0.213  0.213  0.214  0.213  0.213  0.211  0.209  0.206  0.202
  0.197  0.192  0.186  0.180  0.174  0.169  0.164  0.161  0.158  0.157
  0.157  0.159  0.162  0.165  0.170  0.174  0.178  0.182  0.185  0.187
  0.187  0.186  0.184  0.180  0.175  0.170  0.163  0.156  0.150  0.144
  0.138  0.133  0.130  0.128  0.128  0.128  0.131  0.134  0.138  0.143
  0.149  0.155  0.161  0.166  0.171  0.175  0.178  0.180  0.181  0.181
  0.180  0.178  0.177  0.175  0.173  0.172  0.171  0.171  0.172  0.175
  0.178  0.183  0.188  0.194  0.201  0.208  0.215  0.222  0.228  0.233
  0.237  0.241  0.242  0.243  0.242  0.240  0.237  0.233  0.229  0.224
  0.219  0.214  0.209  0.206  0.203  0.201  0.200  0.200  0.201  0.202
  0.203  0.204  0.204  0.204  0.204  0.203  0.201  0.199  0.196  0.193
  0.191  0.188  0.186  0.185  0.184  0.183  0.183  0.183  0.183  0.184
  0.184  0.185  0.185  0.185  0.184  0.183  0.182  0.180  0.178  0.176
  0.173  0.169  0.165  0.159  0.154  0.147  0.140  0.132  0.125  0.117
  0.111  0.105  0.101  0.098  0.097  0.097  0.099  0.102  0.106  0.111
  0.115  0.118  0.120  0.121  0.120  0.117  0.113  0.106  0.098  0.089
  0.080  0.071  0.063  0.055  0.050  0.046  0.044  0.044  0.045  0.048
  0.052  0.055  0.059  0.063  0.065  0.066  0.066  0.065  0.062  0.058
  0.053  0.047  0.041  0.034  0.028  0.022  0.017  0.012  0.008  0.005
  0.002  0.001  0.000 -0.001  0.000  0.001  0.002  0.003  0.004  0.005
  0.006  0.006  0.005  0.004  0.003  0.001 -0.002 -0.004 -0.006 -0.007
 -0.008 -0.008 -0.008 -0.007 -0.005 -0.002  0.000  0.002  0.004  0.005
  0.006  0.005  0.002 -0.001 -0.006 -0.011 -0.017 -0.023 -0.029 -0.035
 -0.040 -0.044 -0.047 -0.049 -0.049 -0.049 -0.047 -0.044 -0.041 -0.038
 -0.035 -0.032 -0.030 -0.028 -0.027 -0.028 -0.029 -0.031 -0.034 -0.037
 -0.040 -0.044 -0.047 -0.050 -0.053 -0.056 -0.059 -0.061 -0.063 -0.065
 -0.067 -0.068 -0.069 -0.069 -0.069 -0.069 -0.068 -0.067 -0.067 -0.066
 -0.066 -0.066 -0.068 -0.070 -0.074 -0.080 -0.088 -0.098 -0.109 -0.122
 -0.136 -0.151 -0.167 -0.182 -0.197 -0.211 -0.223 -0.234 -0.243 -0.250
 -0.255 -0.259 -0.261 -0.262 -0.263 -0.264 -0.265 -0.267 -0.270 -0.274
 -0.279 -0.285 -0.293 -0.302 -0.311 -0.321 -0.330 -0.340 -0.349 -0.357
 -0.364 -0.370 -0.374 -0.375 -0.375 -0.372 -0.368 -0.361 -0.352 -0.341
 -0.329 -0.317 -0.304 -0.291 -0.280 -0.271 -0.264 -0.259 -0.258 -0.260
 -0.265 -0.272 -0.281 -0.292 -0.302 -0.312 -0.320 -0.325 -0.327 -0.326
 -0.321 -0.313 -0.303 -0.291 -0.279 -0.267 -0.257 -0.251 -0.248 -0.250
 -0.256 -0.267 -0.282 -0.300 -0.320 -0.339 -0.358 -0.374 -0.386 -0.394
 -0.396 -0.394 -0.387 -0.376 -0.362 -0.347 -0.332 -0.318 -0.308 -0.301
 -0.299 -0.302 -0.310 -0.321 -0.336 -0.353 -0.370 -0.386 -0.400 -0.411
 -0.418 -0.421 -0.420 -0.416 -0.409 -0.402 -0.395 -0.389 -0.386 -0.387
 -0.391 -0.399 -0.411 -0.424 -0.438 -0.452 -0.463 -0.471 -0.473 -0.471
 -0.463 -0.450 -0.433 -0.412 -0.391 -0.369 -0.350 -0.334 -0.322 -0.315
 -0.312 -0.314 -0.319 -0.326 -0.333 -0.340 -0.344 -0.345 -0.343 -0.337
 -0.328 -0.317 -0.306 -0.294 -0.286 -0.280 -0.279 -0.284 -0.294 -0.309
 -0.329 -0.353 -0.380 -0.408 -0.437 -0.465 -0.493 -0.520 -0.547 -0.575
 -0.603 -0.633 -0.665 -0.701 -0.738 -0.778 -0.819 -0.859 -0.897 -0.931
 -0.959 -0.981 -0.994 -1.000 -0.998 -0.988 -0.974 -0.956 -0.936 -0.916
 -0.898 -0.881 -0.867 -0.855 -0.842 -0.829 -0.812 -0.789 -0.758 -0.719
 -0.669 -0.609 -0.540 -0.463 -0.381 -0.296 -0.211 -0.129 -0.054  0.014
II.RPN.00     62  56.54  -20.00   0.00   0.10
 -126.00   63.68   33.05   0.079   10.79   40
           1           2           2
           0           0           0
  1.0  1.0
   0.435E+03    480  0.500
  0.055  0.048  0.040  0.034  0.027  0.023  0.019  0.018  0.019  0.021
  0.026  0.032  0.040  0.047  0.055  0.062  0.068  0.071  0.073  0.071
  0.068  0.062  0.054  0.044  0.034  0.024  0.014  0.005 -0.003 -0.009
 -0.014 -0.018 -0.020 -0.022 -0.025 -0.027 -0.031 -0.036 -0.043 -0.050
 -0.060 -0.070 -0.080 -0.090 -0.100 -0.107 -0.113 -0.117 -0.118 -0.117
 -0.114 -0.109 -0.103 -0.095 -0.088 -0.080 -0.074 -0.068 -0.063 -0.060
 -0.058 -0.058 -0.060 -0.062 -0.066 -0.070 -0.074 -0.077 -0.079 -0.079
 -0.076 -0.070 -0.061 -0.048 -0.033 -0.015  0.004  0.025  0.046  0.067
  0.087  0.104  0.120  0.133  0.143  0.150  0.155  0.156  0.155  0.151
  0.145  0.137  0.128  0.117  0.107  0.096  0.086  0.078  0.071  0.066
  0.063  0.062  0.062  0.063  0.065  0.067  0.069  0.070  0.071  0.071
  0.070  0.069  0.067  0.066  0.065  0.064  0.064  0.065  0.067  0.069
  0.072  0.075  0.077  0.079  0.080  0.080  0.079  0.076  0.073  0.068
  0.063  0.057  0.051  0.045  0.039  0.034  0.030  0.028  0.026  0.027
  0.029  0.033  0.039  0.046  0.053  0.062  0.070  0.077  0.083  0.087
  0.088  0.088  0.084  0.078  0.070  0.060  0.050  0.039  0.028  0.018
  0.010  0.004 -0.001 -0.002 -0.002  0.000  0.003  0.008  0.013  0.018
  0.023  0.027  0.029  0.031  0.030  0.029  0.028  0.025  0.023  0.021
  0.019  0.018  0.018  0.018  0.019  0.020  0.020  0.020  0.019  0.017
  0.014  0.010  0.006  0.001 -0.004 -0.009 -0.013 -0.017 -0.020 -0.022
 -0.024 -0.025 -0.026 -0.026 -0.026 -0.026 -0.025 -0.025 -0.025 -0.025
 -0.025 -0.026 -0.028 -0.030 -0.033 -0.037 -0.042 -0.047 -0.052 -0.058
 -0.064 -0.070 -0.075 -0.079 -0.082 -0.085 -0.086 -0.086 -0.085 -0.083
 -0.081 -0.079 -0.078 -0.077 -0.076 -0.077 -0.080 -0.083 -0.088 -0.094
 -0.100 -0.107 -0.114 -0.120 -0.126 -0.131 -0.136 -0.139 -0.142 -0.144
 -0.147 -0.149 -0.153 -0.157 -0.162 -0.168 -0.175 -0.183 -0.192 -0.202
 -0.211 -0.221 -0.230 -0.238 -0.245 -0.250 -0.254 -0.257 -0.257 -0.256
 -0.253 -0.248 -0.242 -0.235 -0.227 -0.218 -0.208 -0.197 -0.185 -0.173
 -0.160 -0.146 -0.132 -0.116 -0.100 -0.083 -0.066 -0.048 -0.030 -0.012
  0.006  0.023  0.040  0.055  0.070  0.084  0.098  0.111  0.125  0.139
  0.155  0.173  0.193  0.216  0.242  0.271  0.302  0.335  0.369  0.403
  0.435  0.463  0.487  0.504  0.514  0.515  0.507  0.489  0.463  0.430
  0.390  0.346  0.301  0.256  0.215  0.179  0.150  0.130  0.118  0.115
  0.120  0.131  0.145  0.161  0.175  0.185  0.190  0.187  0.176  0.157
  0.131  0.101  0.069  0.037  0.010 -0.009 -0.018 -0.015  0.000  0.029
  0.069  0.118  0.173  0.228  0.280  0.323  0.354  0.370  0.367  0.345
  0.305  0.250  0.183  0.108  0.033 -0.038 -0.100 -0.146 -0.174 -0.182
 -0.170 -0.140 -0.095 -0.040  0.019  0.075  0.123  0.156  0.171  0.165
  0.137  0.090  0.025 -0.052 -0.136 -0.219 -0.296 -0.361 -0.409 -0.438
 -0.447 -0.436 -0.408 -0.368 -0.322 -0.274 -0.230 -0.195 -0.173 -0.166
 -0.172 -0.192 -0.220 -0.254 -0.288 -0.317 -0.337 -0.344 -0.337 -0.315
 -0.281 -0.235 -0.184 -0.130 -0.078 -0.033  0.004  0.029  0.043  0.047
  0.044  0.035  0.024  0.015  0.011  0.012  0.019  0.031  0.046  0.059
  0.068  0.068  0.056  0.029 -0.015 -0.074 -0.146 -0.229 -0.316 -0.402
 -0.481 -0.548 -0.598 -0.629 -0.639 -0.631 -0.608 -0.575 -0.537 -0.502
 -0.476 -0.465 -0.471 -0.498 -0.544 -0.607 -0.681 -0.761 -0.839 -0.908
 -0.961 -0.992 -0.999 -0.980 -0.934 -0.866 -0.778 -0.678 -0.570 -0.460
 -0.355 -0.259 -0.175 -0.104 -0.049 -0.008  0.020  0.038  0.047  0.050
II.RPN.00     57  38.80  -20.00   0.00   0.10
 -126.00   63.68   33.05   0.079   10.79   40
           1           1           1
           0           0           0
  1.0  1.0
   0.856E+02    480  0.500
 -0.106 -0.111 -0.115 -0.119 -0.122 -0.125 -0.127 -0.128 -0.129 -0.129
 -0.130 -0.130 -0.131 -0.132 -0.132 -0.132 -0.132 -0.131 -0.129 -0.126
 -0.122 -0.117 -0.111 -0.105 -0.099 -0.095 -0.093 -0.095 -0.100 -0.111
 -0.127 -0.149 -0.177 -0.211 -0.248 -0.288 -0.329 -0.370 -0.407 -0.439
 -0.465 -0.483 -0.494 -0.496 -0.492 -0.482 -0.471 -0.459 -0.450 -0.445
 -0.449 -0.461 -0.482 -0.514 -0.554 -0.602 -0.656 -0.713 -0.771 -0.826
 -0.877 -0.922 -0.957 -0.983 -0.997 -1.000 -0.991 -0.971 -0.941 -0.903
 -0.857 -0.806 -0.750 -0.693 -0.635 -0.578 -0.524 -0.474 -0.430 -0.391
 -0.359 -0.334 -0.315 -0.303 -0.297 -0.296 -0.298 -0.304 -0.310 -0.317
 -0.321 -0.323 -0.320 -0.311 -0.296 -0.276 -0.250 -0.218 -0.182 -0.144
 -0.105 -0.066 -0.030  0.003  0.031  0.052  0.067  0.074  0.075  0.069
  0.057  0.040  0.020 -0.004 -0.029 -0.055 -0.080 -0.103 -0.124 -0.142
 -0.154 -0.162 -0.163 -0.158 -0.146 -0.128 -0.103 -0.072 -0.035  0.007
  0.053  0.102  0.152  0.202  0.250  0.294  0.332  0.363  0.385  0.398
  0.399  0.390  0.371  0.343  0.306  0.264  0.218  0.170  0.123  0.081
  0.044  0.015 -0.004 -0.012 -0.009  0.004  0.027  0.059  0.096  0.136
  0.177  0.216  0.249  0.274  0.290  0.296  0.292  0.278  0.255  0.226
  0.192  0.157  0.123  0.092  0.066  0.045  0.030  0.021  0.017  0.017
  0.021  0.028  0.037  0.048  0.061  0.076  0.094  0.114  0.135  0.158
  0.181  0.204  0.224  0.240  0.252  0.259  0.258  0.252  0.239  0.219
  0.195  0.167  0.136  0.104  0.073  0.043  0.016 -0.008 -0.026 -0.039
 -0.047 -0.049 -0.045 -0.036 -0.023 -0.006  0.012  0.031  0.049  0.063
  0.071  0.073  0.066  0.051  0.027 -0.004 -0.041 -0.081 -0.120 -0.156
 -0.184 -0.203 -0.208 -0.200 -0.178 -0.142 -0.095 -0.040  0.021  0.082
  0.141  0.193  0.236  0.267  0.285  0.289  0.281  0.263  0.238  0.209
  0.180  0.154  0.135  0.125  0.127  0.140  0.164  0.199  0.241  0.288
  0.336  0.383  0.423  0.454  0.473  0.479  0.470  0.446  0.410  0.363
  0.308  0.250  0.191  0.137  0.090  0.053  0.030  0.020  0.025  0.044
  0.075  0.116  0.164  0.216  0.268  0.317  0.360  0.394  0.419  0.432
  0.435  0.428  0.412  0.390  0.364  0.338  0.314  0.295  0.283  0.280
  0.286  0.302  0.326  0.357  0.393  0.430  0.467  0.500  0.527  0.545
  0.553  0.550  0.536  0.512  0.480  0.441  0.400  0.359  0.321  0.289
  0.267  0.256  0.257  0.271  0.298  0.334  0.379  0.430  0.482  0.533
  0.579  0.617  0.644  0.658  0.658  0.642  0.612  0.568  0.512  0.449
  0.382  0.315  0.252  0.198  0.157  0.131  0.122  0.130  0.155  0.194
  0.243  0.300  0.358  0.413  0.461  0.497  0.518  0.522  0.509  0.479
  0.434  0.378  0.313  0.244  0.176  0.113  0.059  0.016 -0.013 -0.026
 -0.024 -0.007  0.022  0.061  0.106  0.155  0.203  0.246  0.282  0.309
  0.325  0.330  0.324  0.309  0.286  0.258  0.227  0.197  0.170  0.147
  0.131  0.121  0.118  0.121  0.128  0.138  0.150  0.160  0.169  0.174
  0.176  0.174  0.169  0.161  0.151  0.141  0.132  0.123  0.117  0.114
  0.113  0.115  0.119  0.125  0.133  0.141  0.150  0.157  0.162  0.165
  0.165  0.161  0.153  0.142  0.127  0.110  0.091  0.072  0.052  0.034
  0.018  0.006 -0.003 -0.008 -0.010 -0.008 -0.003  0.004  0.011  0.019
  0.027  0.033  0.037  0.038  0.037  0.034  0.029  0.022  0.014  0.004
 -0.005 -0.015 -0.024 -0.034 -0.043 -0.051 -0.059 -0.067 -0.073 -0.080
 -0.085 -0.090 -0.093 -0.095 -0.096 -0.094 -0.091 -0.087 -0.081 -0.073
 -0.065 -0.056 -0.048 -0.040 -0.034 -0.030 -0.027 -0.027 -0.028 -0.032
