Denali, Alaska 02/11/03                      
   240 0.500   15.0   90.0    18    1  -30 256 1.
   1  13.0    0.0  120.0    0.0   75.209    0.000  226.8   39.7  101.0  3 4 8
   1  17.0    0.0  120.0    0.0   75.209    0.000  226.8   39.7  101.0  3 4 8
   1  21.0    0.0  120.0    0.0   75.209    0.000  226.8   39.7  101.0  3 4 8
   2  42.5   60.0  120.0    0.0  366.035    0.000  117.1   89.9  177.6  3 4 8
   2  46.5   60.0  120.0    0.0  366.035    0.000  117.1   89.9  177.6  3 4 8
   2  50.5   60.0  120.0    0.0  366.035    0.000  117.1   89.9  177.6  3 4 8
   3  54.5   90.0  120.0    0.0  366.035    0.000  117.1   89.9  177.6  3 4 8
   3  58.5   90.0  120.0    0.0  366.035    0.000  117.1   89.9  177.6  3 4 8
   3  62.5   90.0  120.0    0.0  366.035    0.000  117.1   89.9  177.6  3 4 8
   4  66.5  120.0  120.0    0.0  366.035    0.000  117.1   89.9  177.6  3 4 8
   4  70.5  120.0  120.0    0.0  366.035    0.000  117.1   89.9  177.6  3 4 8
   4  74.5  120.0  120.0    0.0  366.035    0.000  117.1   89.9  177.6  3 4 8
   5  78.5  150.0  120.0    0.0  366.035    0.000  117.1   89.9  177.6  3 4 8
   5  82.5  150.0  120.0    0.0  366.035    0.000  117.1   89.9  177.6  3 4 8
   5  86.5  150.0  120.0    0.0  366.035    0.000  117.1   89.9  177.6  3 4 8
   6  90.5  180.0  120.0    0.0  366.035    0.000  117.1   89.9  177.6  3 4 8
   6  94.5  180.0  120.0    0.0  366.035    0.000  117.1   89.9  177.6  3 4 8
   6  98.5  180.0  120.0    0.0  366.035    0.000  117.1   89.9  177.6  3 4 8
24 .5 1 .0 1 1 1 1 1 1 0 1 .1 1
.1 .1 .1 .1 .1 .1 .1 .1 .1 .1 .1

 C. Alaska 02/11/03                      
   240 0.500   15.0   90.0    13    1  -30 256 1.
   1  14.5    0.0  120.0    0.0   87.752    0.000  227.3   39.6   99.2  3 4 8
   1  18.5    0.0  120.0    0.0   87.752    0.000  227.3   39.6   99.2  3 4 8
   1  22.5    0.0  120.0    0.0   87.752    0.000  227.3   39.6   99.2  3 4 8
   2  54.0  120.0  120.0    0.0  344.431    0.000  118.4   88.2  178.6  3 4 8
   2  58.0  120.0  120.0    0.0  344.431    0.000  118.4   88.2  178.6  3 4 8
   2  62.0  150.0  120.0    0.0  344.431    0.000  118.4   88.2  178.6  3 4 8
   2  66.0  150.0  120.0    0.0  344.431    0.000  118.4   88.2  178.6  3 4 8
   2  70.0  150.0  120.0    0.0  344.431    0.000  118.4   88.2  178.6  3 4 8
   2  74.0  180.0  120.0    0.0  344.431    0.000  118.4   88.2  178.6  3 4 8
   2  78.0  180.0  120.0    0.0  344.431    0.000  118.4   88.2  178.6  3 4 8
   2  82.0  180.0  120.0    0.0  344.431    0.000  118.4   88.2  178.6  3 4 8
   2  86.0  180.0  120.0    0.0  344.431    0.000  118.4   88.2  178.6  3 4 8
   2  90.0  180.0  120.0    0.0  344.431    0.000  118.4   88.2  178.6  3 4 8
24 .5 1 .0 1 1 1 1 1 1 0 1 .1 1
.2 .2 .2 .2 .2 .2 .2 .2 .2 .2 .2

